total max error:
639.8024992752984
intrinsics_parm:
[[542.16211996   0.         353.73870404]
 [  0.         543.22833239 234.21803433]
 [  0.           0.           1.        ]]
distortionk:
[ 1.19186571e-01 -1.09194673e-01 -2.97420452e-05  1.76502572e-04
  5.71899425e-04]
extrinsics_parm:
[[[ 9.72931324e-01 -4.06266697e-03  2.31058723e-01 -1.01051405e+02]
  [ 2.34456618e-02  9.96421705e-01 -8.12039857e-02 -1.30622839e+02]
  [-2.29902022e-01  8.44232260e-02  9.69545140e-01  4.99070110e+02]]

 [[ 1.13452637e-01  9.79719062e-01  1.65163733e-01 -7.89998705e+01]
  [-7.50637142e-01  1.93429605e-01 -6.31766466e-01  9.99284255e+01]
  [-6.50901206e-01 -5.23024608e-02  7.57358616e-01  4.31011516e+02]]

 [[ 9.34898392e-01 -3.50674287e-01  5.47041199e-02 -5.60450495e+01]
  [ 3.16018356e-01  8.92646898e-01  3.21424820e-01 -1.20997183e+02]
  [-1.61546883e-01 -2.83212041e-01  9.45353661e-01  3.97314886e+02]]

 [[ 9.72591319e-01 -1.10897864e-02  2.32256633e-01 -1.26389378e+02]
  [-1.92514842e-02  9.91592015e-01  1.27963493e-01 -7.98102745e+01]
  [-2.31722911e-01 -1.28927467e-01  9.64200291e-01  4.10498004e+02]]

 [[ 2.11582116e-01 -9.72985854e-01  9.23663117e-02  6.21521228e+01]
  [ 8.58057732e-01  2.30171443e-01  4.59083909e-01 -1.36892628e+02]
  [-4.67942237e-01 -1.78783173e-02  8.83578196e-01  3.98112508e+02]]

 [[-1.22085263e-01 -9.58637136e-01  2.57118710e-01  1.93213998e+02]
  [ 9.86370244e-01 -1.45979603e-01 -7.59190114e-02 -7.69133413e+01]
  [ 1.10312871e-01  2.44345652e-01  9.63393104e-01  4.38859130e+02]]

 [[-2.90523543e-01 -8.76047976e-01  3.84884418e-01  1.37073797e+01]
  [ 9.56860231e-01 -2.64378367e-01  1.20509661e-01 -8.47299578e+01]
  [-3.81713056e-03  4.03291487e-01  9.15063608e-01  4.71507757e+02]]

 [[-2.34762827e-01 -9.50961154e-01  2.01393392e-01  8.69340092e+01]
  [ 9.17921865e-01 -1.48705812e-01  3.67839682e-01 -1.04398931e+02]
  [-3.19852881e-01  2.71218482e-01  9.07818633e-01  3.94354770e+02]]

 [[ 8.96465932e-01 -1.67332281e-01 -4.10303229e-01 -8.72112907e+01]
  [ 9.19285787e-02  9.76043249e-01 -1.97202212e-01 -9.69350784e+01]
  [ 4.33471993e-01  1.39066472e-01  8.90372140e-01  3.48823814e+02]]

 [[ 1.60245483e-01 -7.96373986e-01 -5.83189386e-01  4.79864783e+01]
  [ 9.82027298e-01  1.88312082e-01  1.26864364e-02 -1.32182782e+02]
  [ 9.97184596e-02 -5.74740842e-01  8.12237154e-01  4.22494024e+02]]

 [[ 8.80678716e-03 -9.95344011e-01  9.59830240e-02  5.26648569e+01]
  [ 9.28575331e-01  4.37565748e-02  3.68555583e-01 -1.21774608e+02]
  [-3.71039480e-01  8.58816776e-02  9.24637249e-01  3.99224888e+02]]

 [[ 3.05031899e-01 -9.51766966e-01  3.30935425e-02  3.31258483e+01]
  [ 8.38052585e-01  2.51757498e-01 -4.84031018e-01 -1.09263213e+02]
  [ 4.52353186e-01  1.75379029e-01  8.74424834e-01  3.63203848e+02]]

 [[ 1.44906346e-01 -8.93856382e-01 -4.24291079e-01  4.62254985e+01]
  [ 9.63571651e-01  2.24907231e-01 -1.44728749e-01 -1.28911333e+02]
  [ 2.24792847e-01 -3.87862741e-01  8.93885155e-01  3.90662542e+02]]]
