Reprojection error:
0.4079421853068828
intrinsics_parm:
[[536.06448455   0.         342.36860717]
 [  0.         536.00716267 235.53171828]
 [  0.           0.           1.        ]]
distortionk:
[[-0.26511883 -0.04659248  0.00183174 -0.00031504  0.25213778]]
extrinsics_parm:
[[ 9.62219428e-01  9.80020974e-03  2.72098748e-01 -9.03338831e+01]
 [ 3.62681653e-02  9.85833041e-01 -1.63761518e-01 -1.30722374e+02]
 [-2.69848833e-01  1.67443036e-01  9.48232270e-01  4.79779403e+02]]

[[ 9.76190611e-02  9.75901770e-01  1.95157001e-01 -7.03632993e+01]
 [-7.56827579e-01  2.00134354e-01 -6.22220424e-01  9.95810464e+01]
 [-6.46283634e-01 -8.69596271e-02  7.58126301e-01  4.24613834e+02]]

[[ 9.21161708e-01 -3.66323695e-01  1.31407983e-01 -4.78732644e+01]
 [ 3.15574759e-01  9.00678867e-01  2.98647199e-01 -1.20476988e+02]
 [-2.27757939e-01 -2.33633322e-01  9.45273396e-01  3.81885300e+02]]

[[ 9.71424468e-01 -1.10982938e-02  2.37089290e-01 -1.18150414e+02]
 [-1.53196807e-02  9.93891419e-01  1.09293893e-01 -8.07687106e+01]
 [-2.36853987e-01 -1.09802894e-01  9.65320420e-01  3.97126884e+02]]

[[ 1.94784023e-01 -9.71117261e-01  1.37805840e-01  7.01312823e+01]
 [ 8.65521758e-01  2.36274713e-01  4.41640517e-01 -1.38358823e+02]
 [-4.61444764e-01  3.32494361e-02  8.86545658e-01  3.80717706e+02]]

[[-8.98315251e-02 -8.96139994e-01  4.34584179e-01  2.00644983e+02]
 [ 9.92181399e-01 -1.18480386e-01 -3.92233421e-02 -7.86571840e+01]
 [ 8.66393067e-02  4.27662846e-01  8.99776706e-01  4.03879777e+02]]

[[-3.19688022e-01 -9.00930211e-01  2.93469459e-01  2.33654008e+01]
 [ 9.46288886e-01 -2.87770370e-01  1.47395926e-01 -8.61555326e+01]
 [-4.83416281e-02  3.24827599e-01  9.44536986e-01  4.67400370e+02]]

[[-2.43600385e-01 -9.49994258e-01  1.95370834e-01  9.47994354e+01]
 [ 9.17153651e-01 -1.60125450e-01  3.64950711e-01 -1.05508816e+02]
 [-3.15417237e-01  2.68087207e-01  9.10297323e-01  3.80094129e+02]]

[[ 9.03225024e-01 -1.69429921e-01 -3.94307060e-01 -7.96631488e+01]
 [ 8.50716487e-02  9.71224255e-01 -2.22455076e-01 -9.72012887e+01]
 [ 4.20651126e-01  1.67382640e-01  8.91647734e-01  3.34050767e+02]]

[[ 1.57146409e-01 -8.08440302e-01 -5.67211851e-01  5.62154989e+01]
 [ 9.82184196e-01  1.87870499e-01  4.34517804e-03 -1.33180775e+02]
 [ 1.03049556e-01 -5.57789345e-01  8.23560462e-01  4.05771226e+02]]

[[ 5.98197500e-03 -9.97406019e-01  7.17317849e-02  6.08575364e+01]
 [ 9.30486309e-01  3.18266084e-02  3.64941497e-01 -1.23095984e+02]
 [-3.66277825e-01  6.45623728e-02  9.28263031e-01  3.86737271e+02]]

[[ 3.08605419e-01 -9.50293990e-01  4.12798663e-02  4.03781946e+01]
 [ 8.38022532e-01  2.51102690e-01 -4.84423032e-01 -1.09974186e+02]
 [ 4.49978811e-01  1.84089031e-01  8.73859427e-01  3.49991932e+02]]

[[ 1.46285674e-01 -8.94998790e-01 -4.21399652e-01  5.39579478e+01]
 [ 9.62354938e-01  2.27393301e-01 -1.48880019e-01 -1.29789684e+02]
 [ 2.29070894e-01 -3.83757022e-01  8.94570888e-01  3.75036833e+02]]

